zoom = 4
Permalink
lonlat=-65.5908, -48.5681
bbox=-97.67089, -48.91587, -4.94629, 24.69612

